time_yrs,qwS_I1,qwS_M1,qwS_M2,qwS_M3,qwS_P1,qwS_P2,qwS_P3,qgS_I1,qgS_M1,qgS_M2,qgS_M3,qgS_P1,qgS_P2,qgS_P3,BHP_I1,BHP_M1,BHP_M2,BHP_M3,BHP_P1,BHP_P2,BHP_P3
1,0,0,0,0,-0.0108002695801605,-0.0172600192207899,-0.0068476628669765,0.170784842990159,0,0,0,0,0,0,78845188.2629572,36140404.5267367,35850578.1354465,52596734.9480378,17700170.44746,13766799.2369133,13766799.2369133
2,0,0,0,0,-0.0175258584433732,-0.0248365413113564,-0.00964271396604987,0.170784842990159,0,0,0,0,0,0,70096487.8768333,43885437.7454282,42660669.0891243,62028206.6750882,17700170.44746,13766799.2369133,13766799.2369133
3,0,0,0,0,-0.0216381102753763,-0.0293012489603802,-0.0109747491578567,0.170784842990159,0,0,0,0,0,0,70341131.9004382,48496285.8413399,46625456.3408155,66485580.1403028,17700170.44746,13766799.2369133,13766799.2369133
4,0,0,0,0,-0.0242074613944252,-0.0320361541198522,-0.0116617039729881,0.170784842990159,0,0,0,0,0,0,70579765.8391943,51404070.1577909,49074816.9313892,68939604.4500999,17700170.44746,13766799.2369133,13766799.2369133
5,0,0,0,0,-0.0259368980781617,-0.0338630532668691,-0.0120625404747242,0.170784842990159,0,0,0,0,0,0,70745868.9788045,53384150.5869665,50725267.4421851,70455852.1574174,17700170.44746,13766799.2369133,13766799.2369133
6,0,0,0,0,-0.0271863332964595,-0.0351851843875557,-0.0123241649949505,0.170784842990159,0,0,0,0,0,0,70849039.7609066,54833933.3484759,51931493.1588409,71477990.2396145,17700170.44746,13766799.2369133,13766799.2369133
7,0,0,0,0,-0.0281414608159205,-0.0362155876224956,-0.0125099631020059,0.170784842990159,0,0,0,0,0,0,70906790.5657285,55971129.7991397,52879087.6742927,72215778.7567092,17700170.44746,13766799.2369133,13766799.2369133
8,0,0,0,0,-0.0289099421806712,-0.0370836060713897,-0.0126497291276441,0.170784842990159,0,0,0,0,0,0,70931340.1724037,56926159.9161987,53670632.1480667,72778511.5987934,17700170.44746,13766799.2369133,13766799.2369133
9,0,0,0,0,-0.0295560200278943,-0.0378590895483053,-0.0127586712860778,0.170784842990159,0,0,0,0,0,0,70931247.7275959,57765931.9555077,54360280.6957761,73226066.032674,17700170.44746,13766799.2369133,13766799.2369133
10,0,0,0,0,-0.0301184541585131,-0.0385663543532323,-0.0128453159375694,0.170784842990159,0,0,0,0,0,0,70913522.7484032,58507726.0410592,54972228.0693944,73591731.9385942,17700170.44746,13766799.2369133,13766799.2369133
11,0,0,0,0,-0.0306206437362201,-0.0392113068514937,-0.0129151176177309,0.170784842990159,0,0,0,0,0,0,70883759.5860856,59150687.6172649,55525259.227869,73894738.1052634,17700170.44746,13766799.2369133,13766799.2369133
12,0,0,0,0,-0.0310733488682155,-0.0397984173214944,-0.0129724572784101,0.170784842990159,0,0,0,0,0,0,70845973.4361281,59699112.0619403,56049420.4747425,74147070.2047325,17700170.44746,13766799.2369133,13766799.2369133
13,0,0,0,0,-0.0314833499871914,-0.0403382085256592,-0.0130219218043983,0.170784842990159,0,0,0,0,0,0,70802802.9975281,60165057.7252861,56581386.2849923,74357313.58219,17700170.44746,13766799.2369133,13766799.2369133
14,0,0,0,0,-0.0318594345926278,-0.0408464699073201,-0.0130673695447711,0.170784842990159,0,0,0,0,0,0,70756003.1249411,60562551.0982979,57135355.5554631,74532423.4560327,17700170.44746,13766799.2369133,13766799.2369133
15,0,0,0,0,-0.0322101718167025,-0.0413399343392984,-0.0131103088303003,0.170784842990159,0,0,0,0,0,0,70706921.9708198,60904189.9722074,57690338.2124144,74678398.928435,17700170.44746,13766799.2369133,13766799.2369133
16,0,0,0,0,-0.032542494339551,-0.0418321367454588,-0.0131515447654926,0.170784842990159,0,0,0,0,0,0,70656589.9813438,61200340.4401552,58214864.6831821,74800551.546034,17700170.44746,13766799.2369133,13766799.2369133
17,0,0,0,0,-0.0328614703494717,-0.0423265898366276,-0.0131916579002406,0.170784842990159,0,0,0,0,0,0,70605886.2544966,61459746.0150855,58693742.2844718,74903629.1144971,17700170.44746,13766799.2369133,13766799.2369133
18,0,0,0,0,-0.0331701102731521,-0.0428311680301352,-0.0132299779195749,0.170784842990159,0,0,0,0,0,0,70555642.0993347,61690428.7318386,59129566.4815983,74992086.2103662,17700170.44746,13766799.2369133,13766799.2369133
19,0,0,0,0,-0.0334722010821835,-0.0433570801091875,-0.0132647088305004,0.170784842990159,0,0,0,0,0,0,70506612.6319775,61900776.7364554,59540633.8888696,75070809.5179121,17700170.44746,13766799.2369133,13766799.2369133
20,0,0,0,0,-0.0337710482053629,-0.0439069762083498,-0.0132932941837995,0.170784842990159,0,0,0,0,0,0,70459759.1095868,62101994.8298358,59974175.8410258,75146850.8501969,17700170.44746,13766799.2369133,13766799.2369133
21,0,0,0,0,-0.0340736684849212,-0.0437112610999189,-0.0133261756472178,0.170784842990159,0,0,0,0,-0.000124676345629257,0,70422228.012923,62310299.3999354,60431728.8248716,75228961.6405146,17700170.44746,13766799.2369133,13766799.2369133
22,0,0,0,0,-0.0343812007884514,-0.041259519137508,-0.0133853852457028,0.170784842990159,0,0,0,0,-0.00258791870495897,0,70400534.1570679,62546406.5516285,60824965.2059577,75323566.2232354,17700170.44746,13766799.2369133,13766799.2369133
23,0,0,0,0,-0.0337674706172045,-0.0386074027866214,-0.0134663973582491,0.170784842990159,0,0,0,-0.000228452553890081,-0.00756243813282143,0,70389828.20237,62800100.7706827,61106452.6924643,75431235.4076812,17700170.44746,13766799.2369133,13766799.2369133
24,0,0,0,0,-0.0316058630085644,-0.036402072747461,-0.0135569876712688,0.170784842990159,0,0,0,-0.00252652053622614,-0.013132962424037,0,70380893.0922155,63025700.9133336,61286630.5548436,75545026.9162011,17700170.44746,13766799.2369133,13766799.2369133
25,0,0,0,0,-0.0294915044748831,-0.0345498905824451,-0.0136491623638709,0.170784842990159,0,0,0,-0.00632035474739856,-0.0186191458896822,0,70360617.0121441,63191521.6236762,61390498.0914875,75652196.5128589,17700170.44746,13766799.2369133,13766799.2369133
26,0,0,0,0,-0.0277947027908264,-0.0329719121645871,-0.0137362877569848,0.170784842990159,0,0,0,-0.0102250710251936,-0.0238156248589205,0,70321064.4990975,63290397.985226,61437129.4950687,75738157.3892265,17700170.44746,13766799.2369133,13766799.2369133
27,0,0,0,0,-0.0264223825420412,-0.0316144346783161,-0.0137016776264787,0.170784842990159,0,0,0,-0.0138572095149433,-0.0286355041179332,-6.70996754890064e-06,70261405.7857316,63327216.6198329,61437302.1571943,75790372.1540103,17700170.44746,13766799.2369133,13766799.2369133
28,0,0,0,0,-0.0252673522446177,-0.0304240601261739,-0.0132349664243147,0.170784842990159,0,0,0,-0.0171933500370413,-0.0330849880721829,-0.000255695188602691,70186008.8731016,63309740.9968964,61396544.8194685,75800414.073232,17700170.44746,13766799.2369133,13766799.2369133
29,0,0,0,0,-0.0242575837086106,-0.0293547159130389,-0.0126826871641485,0.170784842990159,0,0,0,-0.0202830699927709,-0.0372112720215655,-0.000909247036619091,70093940.5468573,63245094.11017,61318266.2581249,75764315.8964378,17700170.44746,13766799.2369133,13766799.2369133
30,0,0,0,0,-0.0233485971350371,-0.028388867931032,-0.0122106553936084,0.170784842990159,0,0,0,-0.0231742351026916,-0.0410284412335669,-0.00172341629125134,69983754.7828149,63139085.946248,61205440.5864542,75681720.7665315,17700170.44746,13766799.2369133,13766799.2369133
31,0,0,0,0,-0.0225177823052732,-0.0275101679598856,-0.011747784828382,0.170784842990159,0,0,0,-0.0258874811237377,-0.0445633661291189,-0.002655155055311,69855857.1690488,62996420.6168631,61061029.5136875,75554595.5483351,17700170.44746,13766799.2369133,13766799.2369133
32,0,0,0,0,-0.0217493719192192,-0.0267040992144119,-0.0111718478315891,0.170784842990159,0,0,0,-0.0284381215389771,-0.0478388731221437,-0.00394683096403542,69710784.0483845,62821031.4575569,60887888.7646891,75386174.7249352,17700170.44746,13766799.2369133,13766799.2369133
33,0,0,0,0,-0.0210319193294941,-0.0259604750304949,-0.0105616614862728,0.170784842990159,0,0,0,-0.0308383152116686,-0.0508684516633048,-0.00552144195983741,69548573.6531626,62616336.675229,60688648.198711,75180243.5624999,17700170.44746,13766799.2369133,13766799.2369133
34,0,0,0,0,-0.0203590354671359,-0.0252671768061416,-0.0100211639409316,0.170784842990159,0,0,0,-0.0330925467897294,-0.0536791444602414,-0.00707580676901073,69370059.445987,62385396.6614204,60465690.4731778,74940709.956846,17700170.44746,13766799.2369133,13766799.2369133
35,0,0,0,0,-0.019725056933284,-0.0246074742715435,-0.00954602071922777,0.170784842990159,0,0,0,-0.0352066987472672,-0.0563185813262439,-0.00853489094667609,69176677.3358617,62130993.1412611,60221180.301781,74671391.4682872,17700170.44746,13766799.2369133,13766799.2369133
36,0,0,0,0,-0.019124091851953,-0.023965784160719,-0.0091200321463684,0.170784842990159,0,0,0,-0.0371895475798648,-0.0588313675293832,-0.00989556862299048,68969941.438857,61855696.0936685,59957137.6541116,74375856.931345,17700170.44746,13766799.2369133,13766799.2369133
37,0,0,0,0,-0.0185513586539657,-0.0233359896476701,-0.00874547181302164,0.170784842990159,0,0,0,-0.0390487734933293,-0.0612308731543398,-0.0111200791434263,68751413.897094,61561884.7770926,59675470.6312087,74057379.8994119,17700170.44746,13766799.2369133,13766799.2369133
38,0,0,0,0,-0.0180034196395544,-0.0227217952289575,-0.00842049784443445,0.170784842990159,0,0,0,-0.0407901672752181,-0.0635013378887605,-0.0121918741125928,68522671.564848,61251760.878183,59377991.7273876,73718890.9813956,17700170.44746,13766799.2369133,13766799.2369133
39,0,0,0,0,-0.017477949193958,-0.0221278948709817,-0.008137296001532,0.170784842990159,0,0,0,-0.0424181888590352,-0.0656309503681649,-0.0131224276457308,68285266.8175539,60927361.7651429,59066427.6560054,73363032.0017466,17700170.44746,13766799.2369133,13766799.2369133
40,0,0,0,0,-0.0169734750463038,-0.0215515934911881,-0.00788740580842817,0.170784842990159,0,0,0,-0.0439363717961622,-0.0676339915444341,-0.0139320934679812,68040612.7765687,60590570.8446865,58742424.9291834,72992278.7690457,17700170.44746,13766799.2369133,13766799.2369133
41,0,0,0,0,-0.016488909778936,-0.0209877424268021,-0.00766377749618842,0.170784842990159,0,0,0,-0.0453482679954678,-0.0695283079260148,-0.0146405090347349,67789938.5227407,60243128.4930961,58407552.3165709,72608805.5248969,17700170.44746,13766799.2369133,13766799.2369133
42,0,0,0,0,-0.0160233246239923,-0.0204385138826023,-0.00746104418975638,0.170784842990159,0,0,0,-0.0466577742049984,-0.0713070491748711,-0.0152638129472684,67534318.3156123,59886639.9497694,58063298.5885856,72214565.1097915,17700170.44746,13766799.2369133,13766799.2369133
43,0,0,0,0,-0.0155759410223185,-0.0199104966917699,-0.00727526689321538,0.170784842990159,0,0,0,-0.0478689493729793,-0.0729518663483309,-0.0158145154970116,67274743.1699782,59522585.6812076,57711074.1674844,71811320.2207681,17700170.44746,13766799.2369133,13766799.2369133
44,0,0,0,0,-0.015146105470766,-0.0194080752200562,-0.00710360389164762,0.170784842990159,0,0,0,-0.0489859483619403,-0.074457268551199,-0.0163021398854571,67012147.6254903,59152333.5625689,57352215.7728822,71400593.4949606,17700170.44746,13766799.2369133,13766799.2369133
45,0,0,0,0,-0.0147332398216038,-0.0189326427943675,-0.00694400699959572,0.170784842990159,0,0,0,-0.0500130257154729,-0.0758287868505438,-0.0167340241377895,66747398.9282949,58777144.7128198,56987983.7261328,70983781.7454708,17700170.44746,13766799.2369133,13766799.2369133
46,0,0,0,0,-0.014336806067628,-0.0184794048398995,-0.00679496256240555,0.170784842990159,0,0,0,-0.0509544560340535,-0.0770922842964736,-0.0171160785261152,66481260.9782903,58398180.3777503,56619560.6004649,70562159.9198249,17700170.44746,13766799.2369133,13766799.2369133
47,0,0,0,0,-0.0139562680987562,-0.0180340115402747,-0.0066552793103338,0.170784842990159,0,0,0,-0.0518143966232467,-0.0783046650820192,-0.0174534229043483,66214322.9738174,58016508.9676171,56248051.1984429,70136894.0721884,17700170.44746,13766799.2369133,13766799.2369133
48,0,0,0,0,-0.0135910458740723,-0.0175809770362569,-0.00652390929481677,0.170784842990159,0,0,0,-0.05259678263727,-0.0795216862947801,-0.017750938716672,65946961.571654,57633112.6275669,55874483.1954415,69709054.4978428,17700170.44746,13766799.2369133,13766799.2369133
49,0,0,0,0,-0.0132404866269442,-0.0171132151937928,-0.0063998101216588,0.170784842990159,0,0,0,-0.0533053200683996,-0.0807646530647717,-0.0180137053017647,65679390.1952119,57248893.2066356,55499808.2967509,69279626.6782203,17700170.44746,13766799.2369133,13766799.2369133
50,0,0,0,0,-0.0129038701086889,-0.0166331590924046,-0.00628184380358641,0.170784842990159,0,0,0,-0.0539435753538724,-0.0820191751802179,-0.0182473122088005,65411754.5451025,56864677.6171194,55124903.8862651,68849519.8097947,17700170.44746,13766799.2369133,13766799.2369133
